297276747
297280834
297280837
297280839
297280841
297280850
297280855
297280857
297280859
297280869
297280877
297280882
297280884
297280886
297280897
297280910
297280912
297280918
297280925
297280927
297280931
297280936
297280945
297280947
297280950
297280953
297280955
297280957
297280972
297280974
297280976
297280979
297280981
297280983
297280990
297280993
297280996
297281000
297281011
297281015
297281017
297281020
297281023
297281029
297281034
297281036
297281038
297281041
297281043
297281049
297281055
297281058
297281062
297281070
297281077
297281081
297281085
297281087
297281097
297281099
297281104
297281107
297281113
297281117
297281122
297281125
297281133
297281142
297281150
297281157
297281165
297281171
297281192
297281200
297281207
297281215
297281220
297281224
297281235
297281240
297281265
297281276
297281280
297281285
297281290
297281296
297281301
297281306
297281314
297281319
297281323
297281335
297281340
297281354
297281364
297281375
297281390
297281395
297281397
297281417
297281421
297281444
297281455
297281459
297281461
297281469
297281471
297281473
297281478
297281485
297281488
297281490
297281493
297281496
297281499
297281507
297281516
297281528
297281535
297281542
297281556
297281558
297281560
297281565
297281570
297281578
297281584
297281586
297281599
297281604
297281617
297281619
297281626
297281635
297281637
297281640
297281644
297281647
297281649
297281652
297281655
297281657
297281659
297281667
297281669
297281674
297281692
297281700
297281703
297281705
297281707
297281713
297281715
297281721
297281723
297281726
297281728
297281730
297281733
297281737
297281742
297281744
297281746
297281748
297281756
297281758
297281766
297281768
297281771
297281773
297281775
297281781
297281786
297281789
297281795
297281798
297281801
297281804
297281813
297281816
297281821
297281827
297281834
297281836
297281843
297281845
297281847
297281849
297281853
297281856
297281858
297281861
297281865
297281870
297281874
297281890
297281892
297281894
297281904
297281909
297281917
297281919
297281922
297281926
297281928
297281933
297281936
297281938
297281943
297281961
297281972
297281982
297281984
297281986
297281988
297281990
297281998
297282006
297282012
297282016
297282019
297282021
297282024
297282026
297282035
297282037
297282039
297282041
297282044
297282048
297282055
297282060
297282062
297282065
297282072
297282079
297282083
297282087
297282090
297282092
297282094
297282097
297282099
297282103
297282109
297282112
297282115
297282119
297282121
297282124
297282127
297282132
297282135
297282142
297282150
297282153
297282155
297282159
297282162
297282166
297282168
297282173
297282187
297282196
297282198
297282201
297282206
297282210
297282216
297282219
297282221
297282224
297282227
297282229
297282231
297282235
297282238
297282240
297282244
297282246
297282266
297282270
297282272
297282280
297282289
297282298
297282304
297282310
297282318
297282340
297282350
297282360
297282379
297282399
297282401
297282408
297282426
297282433
297282436
297282439
297282453
297282457
297282464
297282466
297282468
297282476
297282482
297282484
297282489
297282492
297282494
297282496
297282500
297282504
297282515
297282517
297282522
297282525
297282529
297282531
297282533
297282535
297282537
297282541
297282545
297282551
297282557
297282563
297282575
297282581
297282587
297282600
297282656
297282664
297282698
297282704
297282708
297282714
297282720
297282732
297282739
297282743
297282747
297282749
297282762
297282764
297282767
297282769
297282773
297282775
297282777
297282790
297282795
297292045
325637325
325638060
325638767
325639708
325642956
325644699
325645974
325648273
325649462
325657574
325658892
325660715
325662170
325665384
325671543
325674049
325674432
325674798
325675178
371211153
371212210
371217401
371219115
371227064
371229746
371242847
371246443
371247344
371247919
371249752
371252822
371255613
371258444
371275807
371659013
371662454
371671476
371673439
371673967
371676241
371676828
371677298
371679008
371681623
371710812
371716988
371717733
371718120
371719313
371719710
371720259
371720872
371721592
373038112